((("Create" .
   [0 0 1 0 0 0])
  ("Price" .
   [0 0 0 1 0])
  ("good" .
   [0 0 0 2])
  ("Name" .
   [0 1 0 0])
  ("Good" .
   [0 1 0 0])
  ("string" .
   [0 0 0 0 0 1])
  ("Base" .
   [0 0 1 0])
  ("struct" .
   [0 0 0 1 0 0])
  ("main" .
   [1 0 0 0])
  ("package" .
   [0 0 0 0 1 1 0])
  ("Printf" .
   [0 0 0 0 0 1])
  ("ParseForm" .
   [0 0 1 0 0 0 0 0 0])
  ("var" .
   [0 1 0])
  ("HandleFunc" .
   [0 0 1 0 0 0 0 0 0 0])
  ("http" .
   [0 0 3 0])
  ("fmt" .
   [2 0 2])
  ("w" .
   [3])
  ("err" .
   [11 1 0])
  ("nil" .
   [9 0 1])
  ("r" .
   [2])
  ("p" .
   [1])
  ("tempUser" .
   [0 0 0 12 0 0 0 0])
  ("new" .
   [4 0 0])
  ("model" .
   [0 0 1 0 3])
  ("User" .
   [3 0 0 0])
  ("user" .
   [1 1 0 0])
  ("Id" .
   [0 3])
  ("id" .
   [4 1])
  ("Username" .
   [1 0 0 0 1 0 0 0])
  ("username" .
   [1 0 0 0 0 0 0 0])
  ("Password" .
   [0 0 1 0 0 0 0 0])
  ("password" .
   [0 0 0 1 0 0 0 0])
  ("Mobile" .
   [0 0 1 0 0 0])
  ("mobile" .
   [0 0 1 0 0 0])
  ("Photo" .
   [0 0 1 0 0])
  ("photo" .
   [0 0 1 0 0])
  ("Comment" .
   [0 0 0 1 0 0 0])
  ("comment" .
   [0 0 0 1 0 0 0])
  ("CTime" .
   [0 0 1 0 0])
  ("ctime" .
   [0 0 0 1 0])
  ("MTime" .
   [0 0 1 0 0])
  ("mtime" .
   [0 0 1 0 0])
  ("IsDelete" .
   [0 0 1 0 0 0 0 0])
  ("isdelete" .
   [0 0 0 0 1 0 0 0])
  ("row" .
   [1 0 0])
  ("echo" .
   [0 0 0 1])
  ("$_SERVER" .
   [0 0 0 0 0 1 0 0])
  ("Form" .
   [0 0 4 0])
  ("Fprint" .
   [0 0 0 1 1 1])
  ("tool" .
   [0 0 0 2])
  ("HTTPResult" .
   [0 0 1 0 1 0 0 0 0 0])
  ("Code" .
   [0 0 0 2])
  ("Msge" .
   [0 0 1 1])
  ("Data" .
   [0 0 2 0])
  ("JSONString" .
   [0 2 0 0 0 0 0 0 0 0])
  ("Println" .
   [0 0 1 0 1 0 1])
  ("Error" .
   [0 1 0 1 0])))
